
Checking Gradients (with regularization) ... 
Theta_grad =

  -0.23715  -0.64230  -0.01435
   0.00000   0.00000   0.00000
   2.01895   4.20906   2.88285
  -0.73464   3.17312   1.15163
   0.00000   0.00000   0.00000

Theta_grad =

  -0.23735  -0.64262  -0.01436
   0.00000   0.00000   0.00000
   2.01895   4.20906   2.88285
  -0.73444   3.17306   1.15163
   0.00000   0.00000   0.00000

Theta_grad =

  -0.23725  -0.64246  -0.01436
   0.00000   0.00000   0.00000
   2.01895   4.20905   2.88286
  -0.73458   3.17308   1.15166
   0.00000   0.00000   0.00000

Theta_grad =

  -0.23725  -0.64246  -0.01436
   0.00000   0.00000   0.00000
   2.01894   4.20906   2.88285
  -0.73450   3.17311   1.15161
   0.00000   0.00000   0.00000

Theta_grad =

  -0.23725  -0.64246  -0.01436
   0.00000   0.00000   0.00000
   2.01868   4.20907   2.88286
  -0.73454   3.17309   1.15163
   0.00000   0.00000   0.00000

Theta_grad =

  -0.23725  -0.64246  -0.01436
   0.00000   0.00000   0.00000
   2.01921   4.20905   2.88285
  -0.73454   3.17309   1.15163
   0.00000   0.00000   0.00000

Theta_grad =

  -0.23725  -0.64246  -0.01436
   0.00000   0.00000   0.00000
   2.01895   4.20906   2.88285
  -0.73469   3.17311   1.15164
   0.00000   0.00000   0.00000

Theta_grad =

  -0.23725  -0.64246  -0.01436
   0.00000   0.00000   0.00000
   2.01895   4.20906   2.88285
  -0.73439   3.17307   1.15163
   0.00000   0.00000   0.00000

Theta_grad =

  -0.23726  -0.64244  -0.01436
   0.00000   0.00000   0.00000
   2.01895   4.20906   2.88285
  -0.73459   3.17287   1.15163
   0.00000   0.00000   0.00000

Theta_grad =

  -0.23724  -0.64248  -0.01436
   0.00000   0.00000   0.00000
   2.01895   4.20906   2.88285
  -0.73450   3.17332   1.15164
   0.00000   0.00000   0.00000

Theta_grad =

  -0.23725  -0.64246  -0.01436
   0.00000   0.00000   0.00000
   2.01901   4.20918   2.88269
  -0.73450   3.17313   1.15154
   0.00000   0.00000   0.00000

Theta_grad =

  -0.23725  -0.64246  -0.01436
   0.00000   0.00000   0.00000
   2.01888   4.20894   2.88302
  -0.73458   3.17306   1.15173
   0.00000   0.00000   0.00000

Theta_grad =

  -0.23725  -0.64246  -0.01436
   0.00000   0.00000   0.00000
   2.01886   4.20860   2.88272
  -0.73454   3.17309   1.15163
   0.00000   0.00000   0.00000

Theta_grad =

  -0.23725  -0.64246  -0.01436
   0.00000   0.00000   0.00000
   2.01903   4.20951   2.88299
  -0.73454   3.17309   1.15163
   0.00000   0.00000   0.00000

Theta_grad =

  -0.23725  -0.64246  -0.01436
   0.00000   0.00000   0.00000
   2.01895   4.20906   2.88285
  -0.73448   3.17287   1.15160
   0.00000   0.00000   0.00000

Theta_grad =

  -0.23725  -0.64246  -0.01436
   0.00000   0.00000   0.00000
   2.01895   4.20906   2.88285
  -0.73461   3.17332   1.15167
   0.00000   0.00000   0.00000

Theta_grad =

  -0.23719  -0.64230  -0.01432
   0.00000   0.00000   0.00000
   2.01895   4.20906   2.88285
  -0.73458   3.17299   1.15152
   0.00000   0.00000   0.00000

Theta_grad =

  -0.23731  -0.64262  -0.01440
   0.00000   0.00000   0.00000
   2.01895   4.20906   2.88285
  -0.73450   3.17320   1.15174
   0.00000   0.00000   0.00000

Theta_grad =

  -0.23725  -0.64246  -0.01436
   0.00000   0.00000   0.00000
   2.01899   4.20913   2.88276
  -0.73451   3.17315   1.15151
   0.00000   0.00000   0.00000

Theta_grad =

  -0.23725  -0.64246  -0.01436
   0.00000   0.00000   0.00000
   2.01890   4.20898   2.88295
  -0.73458   3.17303   1.15175
   0.00000   0.00000   0.00000

Theta_grad =

  -0.23725  -0.64246  -0.01436
   0.00000   0.00000   0.00000
   2.01889   4.20894   2.88251
  -0.73454   3.17309   1.15163
   0.00000   0.00000   0.00000

Theta_grad =

  -0.23725  -0.64246  -0.01436
   0.00000   0.00000   0.00000
   2.01900   4.20917   2.88320
  -0.73454   3.17309   1.15163
   0.00000   0.00000   0.00000

Theta_grad =

  -0.23725  -0.64246  -0.01436
   0.00000   0.00000   0.00000
   2.01895   4.20906   2.88285
  -0.73448   3.17301   1.15147
   0.00000   0.00000   0.00000

Theta_grad =

  -0.23725  -0.64246  -0.01436
   0.00000   0.00000   0.00000
   2.01895   4.20906   2.88285
  -0.73460   3.17317   1.15180
   0.00000   0.00000   0.00000

Theta_grad =

  -0.23728  -0.64256  -0.01436
   0.00000   0.00000   0.00000
   2.01895   4.20906   2.88285
  -0.73454   3.17309   1.15163
   0.00000   0.00000   0.00000

Theta_grad =

  -0.23721  -0.64236  -0.01436
   0.00000   0.00000   0.00000
   2.01895   4.20906   2.88285
  -0.73454   3.17309   1.15163
   0.00000   0.00000   0.00000

Theta_grad =

  -0.23725  -0.64246  -0.01436
   0.00000   0.00000   0.00000
   2.01895   4.20906   2.88285
  -0.73454   3.17309   1.15163
   0.00000   0.00000   0.00000

Theta_grad =

  -0.23725  -0.64246  -0.01436
   0.00000   0.00000   0.00000
   2.01895   4.20906   2.88285
  -0.73454   3.17309   1.15163
   0.00000   0.00000   0.00000

Theta_grad =

  -0.23725  -0.64246  -0.01436
   0.00000   0.00000   0.00000
   2.01886   4.20889   2.88285
  -0.73454   3.17309   1.15163
   0.00000   0.00000   0.00000

Theta_grad =

  -0.23725  -0.64246  -0.01436
   0.00000   0.00000   0.00000
   2.01903   4.20923   2.88286
  -0.73454   3.17309   1.15163
   0.00000   0.00000   0.00000

Theta_grad =

  -0.23725  -0.64246  -0.01436
   0.00000   0.00000   0.00000
   2.01895   4.20906   2.88285
  -0.73469   3.17305   1.15175
   0.00000   0.00000   0.00000

Theta_grad =

  -0.23725  -0.64246  -0.01436
   0.00000   0.00000   0.00000
   2.01895   4.20906   2.88285
  -0.73439   3.17313   1.15151
   0.00000   0.00000   0.00000

Theta_grad =

  -0.23725  -0.64246  -0.01436
   0.00000   0.00000   0.00000
   2.01895   4.20906   2.88285
  -0.73454   3.17309   1.15163
   0.00000   0.00000   0.00000

Theta_grad =

  -0.23725  -0.64246  -0.01436
   0.00000   0.00000   0.00000
   2.01895   4.20906   2.88285
  -0.73454   3.17309   1.15163
   0.00000   0.00000   0.00000

Theta_grad =

  -0.23735  -0.64273  -0.01436
   0.00000   0.00000   0.00000
   2.01895   4.20906   2.88285
  -0.73454   3.17309   1.15163
   0.00000   0.00000   0.00000

Theta_grad =

  -0.23715  -0.64219  -0.01435
   0.00000   0.00000   0.00000
   2.01895   4.20906   2.88285
  -0.73454   3.17309   1.15163
   0.00000   0.00000   0.00000

Theta_grad =

  -0.23725  -0.64246  -0.01436
   0.00000   0.00000   0.00000
   2.01895   4.20906   2.88285
  -0.73454   3.17309   1.15163
   0.00000   0.00000   0.00000

Theta_grad =

  -0.23725  -0.64246  -0.01436
   0.00000   0.00000   0.00000
   2.01895   4.20906   2.88285
  -0.73454   3.17309   1.15163
   0.00000   0.00000   0.00000

Theta_grad =

  -0.23725  -0.64246  -0.01436
   0.00000   0.00000   0.00000
   2.01878   4.20872   2.88281
  -0.73454   3.17309   1.15163
   0.00000   0.00000   0.00000

Theta_grad =

  -0.23725  -0.64246  -0.01436
   0.00000   0.00000   0.00000
   2.01912   4.20939   2.88290
  -0.73454   3.17309   1.15163
   0.00000   0.00000   0.00000

Theta_grad =

  -0.23725  -0.64246  -0.01436
   0.00000   0.00000   0.00000
   2.01895   4.20906   2.88285
  -0.73458   3.17258   1.15170
   0.00000   0.00000   0.00000

Theta_grad =

  -0.23725  -0.64246  -0.01436
   0.00000   0.00000   0.00000
   2.01895   4.20906   2.88285
  -0.73450   3.17360   1.15157
   0.00000   0.00000   0.00000

Theta_grad =

  -0.23725  -0.64246  -0.01436
   0.00000   0.00000   0.00000
   2.01895   4.20906   2.88285
  -0.73454   3.17309   1.15163
   0.00000   0.00000   0.00000

Theta_grad =

  -0.23725  -0.64246  -0.01436
   0.00000   0.00000   0.00000
   2.01895   4.20906   2.88285
  -0.73454   3.17309   1.15163
   0.00000   0.00000   0.00000

Theta_grad =

  -0.23725  -0.64247  -0.01436
   0.00000   0.00000   0.00000
   2.01895   4.20906   2.88285
  -0.73454   3.17309   1.15163
   0.00000   0.00000   0.00000

Theta_grad =

  -0.23725  -0.64245  -0.01436
   0.00000   0.00000   0.00000
   2.01895   4.20906   2.88285
  -0.73454   3.17309   1.15163
   0.00000   0.00000   0.00000

Theta_grad =

  -0.23725  -0.64246  -0.01436
   0.00000   0.00000   0.00000
   2.01895   4.20906   2.88285
  -0.73454   3.17309   1.15163
   0.00000   0.00000   0.00000

Theta_grad =

  -0.23725  -0.64246  -0.01436
   0.00000   0.00000   0.00000
   2.01895   4.20906   2.88285
  -0.73454   3.17309   1.15163
   0.00000   0.00000   0.00000

Theta_grad =

  -0.23725  -0.64246  -0.01436
   0.00000   0.00000   0.00000
   2.01894   4.20901   2.88254
  -0.73454   3.17309   1.15163
   0.00000   0.00000   0.00000

Theta_grad =

  -0.23725  -0.64246  -0.01436
   0.00000   0.00000   0.00000
   2.01895   4.20910   2.88317
  -0.73454   3.17309   1.15163
   0.00000   0.00000   0.00000

Theta_grad =

  -0.23725  -0.64246  -0.01436
   0.00000   0.00000   0.00000
   2.01895   4.20906   2.88285
  -0.73442   3.17315   1.15142
   0.00000   0.00000   0.00000

Theta_grad =

  -0.23725  -0.64246  -0.01436
   0.00000   0.00000   0.00000
   2.01895   4.20906   2.88285
  -0.73466   3.17303   1.15185
   0.00000   0.00000   0.00000

Theta_grad =

  -0.23725  -0.64246  -0.01436
   0.00000   0.00000   0.00000
   2.01895   4.20906   2.88285
  -0.73454   3.17309   1.15163
   0.00000   0.00000   0.00000

Theta_grad =

  -0.23725  -0.64246  -0.01436
   0.00000   0.00000   0.00000
   2.01895   4.20906   2.88285
  -0.73454   3.17309   1.15163
   0.00000   0.00000   0.00000

Theta_grad =

  -0.23725  -0.64246  -0.01436
   0.00000   0.00000   0.00000
   2.01895   4.20906   2.88285
  -0.73454   3.17309   1.15163
   0.00000   0.00000   0.00000

   0.50282   0.19385
   0.23475  -0.04950
  -0.15026  -0.15929
  -0.16417  -0.23566
   0.45551   0.71303
  -1.50023   0.14080
   2.98639   3.16589
   0.67493   0.96884
   1.14128   1.08374
  -1.17633   0.15017
   1.88257   1.99572
   0.61400   0.88138
  -0.39637  -0.23725
   0.00000   0.00000
   2.18916   2.01895
   0.27765  -0.73454
   0.00000   0.00000
  -1.07336  -0.64246
   0.00000   0.00000
   4.44720   4.20906
   3.54325   3.17309
   0.00000   0.00000
  -0.02399  -0.01436
   0.00000   0.00000
   2.03023   2.88285
  -1.08292   1.15163
   0.00000   0.00000
The above two columns you get should be very similar.
(Left-Your Numerical Gradient, Right-Analytical Gradient)

If your cost function implementation is correct, then 
the relative difference will be small (less than 1e-9). 

Relative Difference: 0.227613

Program paused. Press enter to continue.
